L 49 1 0
L 24 77 1
R 48 25 2
L 16 9 2
L 2 7 2
R 8 15 2
R 48 63 2
L 27 36 2
L 2 34 2
L 47 87 3
R 48 35 4
L 41 94 5
L 3 91 5
R 39 30 6
R 45 75 6
R 43 18 7
L 4 14 7
R 47 61 7
R 38 99 7
R 17 16 8
R 45 61 8
L 4 57 8
L 25 32 8
L 30 2 8
R 7 9 8
L 44 65 9
R 15 80 9
R 42 22 10
L 40 82 11
R 11 93 11
R 35 28 12
R 36 64 12
R 4 68 12
L 24 44 12
R 40 84 12
L 11 73 12
R 9 82 12
R 48 30 13
R 3 33 13
R 37 70 13
L 30 40 13
L 2 38 13
R 45 83 13
R 24 7 14
L 26 81 15
L 40 41 15
L 11 30 15
R 46 76 15
L 27 49 15
R 51 0 16
L 30 70 17
L 90 80 18
R 20 0 19
R 4 4 19
R 85 89 19
L 96 93 20
R 7 0 21
R 1 1 21
L 53 48 22
R 82 30 23
R 70 0 24
L 61 39 25
R 70 9 26
L 60 49 27
L 54 95 28
L 81 14 28
R 86 0 29
R 82 82 29
R 18 0 30
R 54 54 30
L 26 28 30
R 58 86 30
L 69 17 30
L 17 0 30
L 99 1 31
L 58 43 32
R 10 53 32
R 83 36 33
R 64 0 34
R 79 79 34
L 5 74 34
L 27 47 34
L 34 13 34
R 87 0 35
L 12 88 36
L 89 99 37
R 19 18 38
R 70 88 38
L 40 48 38
R 42 90 38
R 10 0 39
R 37 37 39
R 79 16 40
R 74 90 40
L 53 37 40
L 74 63 41
R 27 90 41
L 90 0 41
R 69 69 41
L 69 0 41
R 42 42 41
R 8 50 41
R 450 0 46
L 49 51 47
R 80 31 48
R 69 0 49
R 2 2 49
L 34 68 50
L 68 0 50
L 74 26 51
R 87 13 52
L 213 0 54
R 15 15 54
R 85 0 55
R 593 93 60
L 93 0 60
R 32 32 60
L 32 0 60
L 7 93 61
R 34 27 62
L 31 96 63
R 93 89 64
L 56 33 64
L 37 96 65
L 10 86 65
L 25 61 65
L 47 14 65
R 886 0 74
R 62 62 74
L 62 0 74
L 20 80 75
L 687 93 82
L 37 56 82
L 56 0 82
L 41 59 83
R 41 0 84
R 48 48 84
L 56 92 85
R 8 0 86
R 29 29 86
L 30 99 87
L 99 0 87
L 61 39 88
R 90 29 89
R 12 41 89
L 41 0 89
R 14 14 89
R 21 35 89
L 61 74 90
R 256 30 93
R 39 69 93
L 69 0 93
L 324 76 97
R 24 0 98
L 49 51 99
L 51 0 99
R 20 20 99
L 65 55 100
R 925 80 109
R 17 97 109
R 44 41 110
L 41 0 110
L 73 27 111
L 78 49 112
R 25 74 112
R 69 43 113
L 543 0 118
L 78 22 119
R 17 39 119
L 91 48 120
L 86 62 121
L 62 0 121
R 783 83 128
R 95 78 129
L 40 38 129
L 38 0 129
R 405 5 133
L 75 30 134
L 30 0 134
R 99 99 134
L 32 67 134
R 33 0 135
L 8 92 136
L 64 28 136
L 41 87 137
L 32 55 137
L 3 52 137
L 12 40 137
R 36 76 137
R 66 42 138
R 58 0 139
R 108 8 140
L 75 33 141
R 2 35 141
L 34 1 141
L 35 66 142
R 88 54 143
L 64 90 144
L 44 46 144
R 34 80 144
L 8 72 144
L 35 37 144
R 63 0 145
R 29 29 145
R 33 62 145
R 78 40 146
R 243 83 148
R 94 77 149
L 56 21 149
L 34 87 150
R 81 68 151
L 55 13 151
L 13 0 151
L 35 65 152
R 42 7 153
L 50 57 154
R 33 90 154
R 59 49 155
R 397 46 159
L 73 73 160
R 27 0 161
L 697 3 168
L 3 0 168
R 58 58 168
R 415 73 172
R 44 17 173
R 69 86 173
R 14 0 174
R 70 70 174
R 18 88 174
L 88 0 174
L 84 16 175
L 11 5 175
L 78 27 176
L 227 0 178
R 97 97 178
L 97 0 178
R 97 97 178
L 27 70 178
R 30 0 179
R 22 22 179
R 29 51 179
R 49 0 180
R 36 36 180
L 236 0 182
L 51 49 183
L 49 0 183
L 594 6 189
L 6 0 189
R 76 76 189
R 18 94 189
L 4 90 189
R 36 26 190
R 874 0 199
L 301 99 203
L 33 66 203
R 539 5 209
R 29 34 209
R 20 54 209
L 48 6 209
R 378 84 212
R 77 61 213
R 22 83 213
R 403 86 217
R 11 97 217
R 35 32 218
R 68 0 219
R 896 96 227
L 40 56 227
R 220 76 229
R 24 0 230
R 91 91 230
R 51 42 231
R 311 53 234
R 47 0 235
R 35 35 235
L 65 70 236
R 266 36 239
R 99 35 240
L 17 18 240
L 18 0 240
R 52 52 240
R 25 77 240
L 18 59 240
R 82 41 241
L 2 39 241
L 85 54 242
R 27 81 242
R 95 76 243
L 76 0 243
R 90 90 243
L 90 0 243
R 117 17 244
L 56 61 245
L 527 34 250
R 527 61 255
L 98 63 256
R 11 74 256
R 29 3 257
R 98 1 258
L 34 67 259
L 67 0 259
L 66 34 260
R 66 0 261
L 63 37 262
L 9 28 262
L 81 47 263
L 9 38 263
L 838 0 271
R 24 24 271
R 76 0 272
R 12 12 272
L 19 93 273
R 7 0 274
L 551 49 280
R 51 0 281
L 85 15 282
L 73 42 283
R 58 0 284
R 956 56 293
L 578 78 299
L 78 0 299
R 9 9 299
L 46 63 300
L 305 58 303
L 58 0 303
L 42 58 304
R 442 0 309
R 76 76 309
R 30 6 310
R 8 14 310
R 86 0 311
R 31 31 311
R 69 0 312
L 12 88 313
L 88 0 313
R 595 95 318
R 5 0 319
L 742 58 327
R 3 61 327
L 61 0 327
R 195 95 328
R 19 14 329
L 138 76 331
L 22 54 331
R 93 47 332
L 923 24 341
R 92 16 342
L 35 81 343
R 44 25 344
R 86 11 345
R 89 0 346
L 38 62 347
R 8 70 347
R 330 0 351
R 81 81 351
L 981 0 360
L 71 29 361
R 535 64 366
L 84 80 367
R 58 38 368
L 89 49 369
R 66 15 370
R 22 37 370
L 37 0 370
L 4 96 371
R 4 0 372
L 35 65 373
R 38 3 374
R 97 0 375
R 17 17 375
L 55 62 376
L 897 65 385
L 58 7 385
R 25 32 385
L 211 21 387
L 21 0 387
R 43 43 387
R 57 0 388
L 96 4 389
L 4 0 389
R 87 87 389
L 97 90 390
L 10 80 390
L 80 0 390
L 53 47 391
R 53 0 392
L 679 21 399
R 31 52 399
R 648 0 406
R 46 46 406
R 376 22 410
L 422 0 414
R 955 55 423
R 92 47 424
R 14 61 424
R 69 30 425
L 357 73 429
R 14 87 429
R 699 86 436
L 2 84 436
R 16 0 437
L 63 37 438
L 137 0 439
L 89 11 440
R 64 75 440
R 25 0 441
L 50 50 442
L 81 69 443
R 66 35 444
L 96 39 445
L 365 74 449
R 8 82 449
L 82 0 449
L 2 98 450
L 80 18 450
R 14 32 450
L 889 43 459
R 57 0 460
R 43 43 460
L 88 55 461
L 4 51 461
R 49 0 462
R 556 56 467
R 53 9 468
R 31 40 468
R 660 0 475
R 61 61 475
L 738 23 482
L 23 0 482
R 91 91 482
R 9 0 483
R 38 38 483
L 84 54 484
L 365 89 488
L 49 40 488
L 68 72 489
L 20 52 489
L 94 58 490
R 12 70 490
R 72 42 491
R 77 19 492
R 690 9 499
L 707 2 506
L 32 70 507
R 63 33 508
L 33 0 508
L 87 13 509
R 422 35 513
R 182 17 515
R 83 0 516
R 79 79 516
R 48 27 517
L 27 0 517
L 96 4 518
L 88 16 519
R 27 43 519
R 63 6 520
R 15 21 520
L 17 4 520
L 4 0 520
L 46 54 521
R 81 35 522
R 640 75 528
L 85 90 529
R 51 41 530
L 83 58 531
R 42 0 532
R 430 30 536
L 61 69 537
L 27 42 537
R 3 45 537
R 55 0 538
L 317 83 542
L 83 0 542
L 180 20 544
R 63 83 544
R 76 59 545
L 71 88 546
R 12 0 547
R 90 90 547
R 810 0 556
R 39 39 556
R 62 1 557
R 70 71 557
L 9 62 557
L 62 0 557
L 92 8 558
L 26 82 559
L 11 71 559
L 173 98 561
R 72 70 562
R 878 48 571
R 41 89 571
R 211 0 574
R 21 21 574
R 78 99 574
L 99 0 574
R 167 67 575
L 167 0 576
L 19 81 577
R 77 58 578
L 54 4 578
L 67 37 579
L 37 0 579
L 50 50 580
R 883 33 589
R 721 54 596
R 946 0 606
L 89 11 607
L 18 93 608
L 24 69 608
R 250 19 611
R 285 4 614
L 24 80 615
R 20 0 616
L 30 70 617
L 346 24 620
L 24 0 620
L 22 78 621
L 30 48 621
R 96 44 622
R 3 47 622
L 47 0 622
R 48 48 622
L 20 28 622
R 37 65 622
L 29 36 622
L 36 0 622
L 55 45 623
L 62 83 624
R 37 20 625
L 20 0 625
L 17 83 626
L 83 0 626
R 99 99 626
R 37 36 627
R 90 26 628
L 51 75 629
L 91 84 630
R 442 26 635
L 824 2 643
R 55 57 643
L 44 13 643
L 381 32 647
L 30 2 647
L 2 0 647
R 55 55 647
L 55 0 647
L 4 96 648
R 904 0 658
R 71 71 658
R 78 49 659
R 58 7 660
L 92 15 661
R 902 17 670
L 17 0 670
L 778 22 678
L 71 51 679
R 49 0 680
L 5 95 681
R 205 0 684
L 1 99 685
R 53 52 686
R 48 0 687
R 939 39 696
R 61 0 697
R 51 51 697
L 51 0 697
R 95 95 697
L 95 0 697
R 11 11 697
L 11 0 697
L 63 37 698
R 85 22 699
L 22 0 699
R 51 51 699
L 751 0 706
L 4 96 707
R 233 29 710
L 29 0 710
R 90 90 710
R 32 22 711
L 590 32 717
R 5 37 717
R 63 0 718
R 60 60 718
R 24 84 718
L 842 42 726
R 40 82 726
L 382 0 729
L 3 97 730
L 97 0 730
R 874 74 738
L 3 71 738
L 280 91 741
L 3 88 741
L 787 1 748
L 1 0 748
L 58 42 749
R 58 0 750
R 846 46 758
R 94 40 759
R 60 0 760
R 3 3 760
L 10 93 761
R 7 0 762
L 61 39 763
L 39 0 763
L 47 53 764
L 53 0 764
L 48 52 765
L 152 0 766
L 20 80 767
R 584 64 773
R 77 41 774
L 1 40 774
R 60 0 775
R 33 33 775
R 29 62 775
L 62 0 775
R 78 78 775
L 92 86 776
L 86 0 776
L 94 6 777
R 94 0 778
R 6 6 778
R 75 81 778
R 19 0 779
R 62 62 779
L 39 23 779
L 23 0 779
L 68 32 780
L 66 66 781
L 85 81 782
R 27 8 783
L 32 76 784
L 976 0 793
L 963 37 803
R 49 86 803
R 12 98 803
R 2 0 804
L 11 89 805
L 573 16 810
L 45 71 811
R 22 93 811
L 93 0 811
R 19 19 811
R 56 75 811
R 54 29 812
R 79 8 813
L 325 83 817
R 15 98 817
L 8 90 817
L 275 15 819
R 85 0 820
L 119 81 822
R 19 0 823
R 65 65 823
L 65 0 823
L 90 10 824
R 53 63 824
L 622 41 830
L 41 0 830
R 65 65 830
L 65 0 830
R 34 34 830
L 861 73 839
L 1 72 839
R 28 0 840
R 20 20 840
R 419 39 844
L 48 91 845
L 545 46 850
R 27 73 850
L 73 0 850
R 42 42 850
R 3 45 850
L 45 0 850
L 271 29 853
L 29 0 853
R 636 36 859
R 564 0 865
L 564 36 871
L 36 0 871
R 21 21 871
R 79 0 872
L 27 73 873
L 287 86 876
L 86 0 876
R 62 62 876
L 62 0 876
R 73 73 876
R 90 63 877
L 63 0 877
R 94 94 877
R 85 79 878
R 30 9 879
L 26 83 880
L 533 50 885
L 605 45 891
L 45 0 891
L 82 18 892
L 18 0 892
R 954 54 901
L 54 0 901
L 841 59 910
L 52 7 910
L 7 0 910
L 64 36 911
L 96 40 912
R 60 0 913
L 34 66 914
L 132 34 915
L 64 70 916
R 30 0 917
R 6 6 917
L 6 0 917
R 13 13 917
R 29 42 917
L 50 92 918
L 5 87 918
R 98 85 919
L 685 0 925
R 519 19 930
L 33 86 931
R 904 90 940
R 58 48 941
L 948 0 950
R 46 46 950
R 33 79 950
L 774 5 957
R 395 0 961
L 37 63 962
L 36 27 962
R 40 67 962
L 48 19 962
L 71 48 963
R 52 0 964
L 68 32 965
L 48 84 966
L 84 0 966
L 9 91 967
R 9 0 968
R 27 27 968
L 27 0 968
L 62 38 969
L 883 55 978
L 55 0 978
R 133 33 979
L 992 41 989
L 436 5 993
R 31 36 993
L 37 99 994
L 46 53 994
R 26 79 994
R 708 87 1001
R 13 0 1002
R 62 62 1002
L 75 87 1003
L 548 39 1008
L 8 31 1008
L 7 24 1008
R 61 85 1008
R 37 22 1009
L 674 48 1016
R 52 0 1017
L 8 92 1018
R 108 0 1020
L 274 26 1023
L 2 24 1023
R 74 98 1023
L 25 73 1023
R 441 14 1028
R 86 0 1029
R 17 17 1029
R 176 93 1030
L 193 0 1031
L 28 72 1032
L 66 6 1032
L 94 12 1033
L 8 4 1033
R 392 96 1036
L 96 0 1036
R 764 64 1043
L 88 76 1044
R 461 37 1049
R 76 13 1050
L 67 46 1051
R 81 27 1052
R 73 0 1053
L 12 88 1054
L 93 95 1055
L 10 85 1055
L 96 89 1056
L 12 77 1056
R 923 0 1066
L 79 21 1067
R 41 62 1067
L 533 29 1072
R 14 43 1072
L 86 57 1073
L 78 79 1074
L 80 99 1075
L 94 5 1075
R 95 0 1076
R 43 43 1076
R 970 13 1086
R 411 24 1090
L 24 0 1090
R 61 61 1090
L 61 0 1090
R 43 43 1090
L 34 9 1090
L 68 41 1091
L 606 35 1097
R 65 0 1098
R 46 46 1098
R 854 0 1107
R 716 16 1114
L 94 22 1115
R 806 28 1123
R 799 27 1131
L 792 35 1139
R 10 45 1139
L 45 0 1139
R 3 3 1139
L 94 9 1140
L 93 16 1141
L 58 58 1142
R 90 48 1143
R 20 68 1143
R 32 0 1144
L 54 46 1145
R 54 0 1146
L 7 93 1147
L 90 3 1147
R 97 0 1148
L 4 96 1149
R 34 30 1150
L 30 0 1150
R 7 7 1150
L 34 73 1151
L 73 0 1151
L 545 55 1157
R 50 5 1158
L 41 64 1159
R 62 26 1160
L 6 20 1160
R 702 22 1167
R 478 0 1172
L 495 5 1177
L 93 12 1178
L 15 97 1179
R 3 0 1180
R 79 79 1180
R 827 6 1189
L 72 34 1190
L 35 99 1191
R 57 56 1192
L 77 79 1193
L 846 33 1201
R 334 67 1204
R 77 44 1205
L 25 19 1205
L 19 0 1205
R 30 30 1205
R 70 0 1206
L 27 73 1207
L 72 1 1207
L 1 0 1207
L 69 31 1208
R 69 0 1209
R 86 86 1209
R 35 21 1210
L 92 29 1211
R 90 19 1212
R 81 0 1213
R 918 18 1222
L 64 54 1223
L 54 0 1223
L 64 36 1224
R 79 15 1225
L 709 6 1232
R 25 31 1232
L 23 8 1232
L 91 17 1233
R 56 73 1233
L 56 17 1233
R 855 72 1241
R 79 51 1242
L 151 0 1243
L 81 19 1244
R 19 38 1244
R 76 14 1245
R 86 0 1246
L 13 87 1247
L 87 0 1247
R 782 82 1254
R 68 50 1255
L 38 12 1255
L 24 88 1256
L 29 59 1256
R 287 46 1259
R 26 72 1259
R 28 0 1260
R 27 27 1260
L 55 72 1261
L 506 66 1266
R 34 0 1267
R 94 94 1267
R 106 0 1269
L 90 10 1270
L 46 64 1271
L 84 80 1272
L 80 0 1272
R 246 46 1274
L 346 0 1277
L 77 23 1278
R 77 0 1279
L 25 75 1280
R 556 31 1286
R 69 0 1287
L 89 11 1288
R 89 0 1289
L 26 74 1290
L 74 0 1290
R 62 62 1290
R 38 0 1291
L 99 1 1292
L 21 80 1293
L 15 65 1293
R 435 0 1298
R 31 31 1298
R 97 28 1299
L 28 0 1299
R 10 10 1299
R 90 0 1300
L 97 3 1301
L 3 0 1301
L 5 95 1302
L 77 18 1302
L 65 53 1303
R 29 82 1303
R 29 11 1304
L 11 0 1304
L 5 95 1305
L 2 93 1305
R 74 67 1306
R 33 0 1307
L 42 58 1308
R 54 12 1309
L 28 84 1310
R 616 0 1317
R 50 50 1317
L 27 23 1317
R 27 50 1317
L 27 23 1317
L 49 74 1318
L 72 2 1318
R 92 94 1318
R 6 0 1319
L 33 67 1320
R 93 60 1321
R 58 18 1322
L 26 92 1323
L 71 21 1323
L 21 0 1323
R 86 86 1323
L 44 42 1323
L 75 67 1324
L 67 0 1324
R 28 28 1324
L 62 66 1325
R 63 29 1326
L 96 33 1327
R 135 68 1328
L 65 3 1328
R 41 44 1328
L 44 0 1328
R 27 27 1328
L 27 0 1328
R 30 30 1328
L 955 75 1338
L 63 12 1338
R 94 6 1339
L 493 13 1344
L 22 91 1345
R 56 47 1346
L 36 11 1346
L 11 0 1346
L 60 40 1347
R 897 37 1356
L 201 36 1358
L 1 35 1358
R 33 68 1358
R 61 29 1359
L 14 15 1359
R 36 51 1359
R 17 68 1359
R 47 15 1360
L 347 68 1364
R 332 0 1368
R 35 35 1368
R 34 69 1368
L 10 59 1368
L 59 0 1368
L 447 53 1373
L 15 38 1373
L 4 34 1373
L 34 0 1373
L 8 92 1374
L 26 66 1374
R 84 50 1375
L 17 33 1375
L 33 0 1375
R 31 31 1375
L 44 87 1376
R 13 0 1377
R 91 91 1377
L 91 0 1377
R 61 61 1377
L 25 36 1377
R 64 0 1378
R 43 43 1378
R 57 0 1379
L 71 29 1380
R 71 0 1381
L 85 15 1382
R 485 0 1387
L 825 75 1396
L 71 4 1396
L 699 5 1403
L 405 0 1407
L 98 2 1408
R 198 0 1410
R 84 84 1410
R 3 87 1410
R 13 0 1411
L 39 61 1412
R 44 5 1413
L 979 26 1423
R 621 47 1429
L 47 0 1429
L 77 23 1430
R 68 91 1430
R 37 28 1431
L 22 6 1431
L 6 0 1431
L 428 72 1436
L 472 0 1440
R 28 28 1440
R 2 30 1440
L 670 60 1447
R 45 5 1448
R 195 0 1450
R 55 55 1450
R 88 43 1451
R 66 9 1452
L 81 28 1453
R 604 32 1459
R 68 0 1460
L 261 39 1463
R 78 17 1464
R 56 73 1464
L 96 77 1465
R 23 0 1466
R 24 24 1466
R 76 0 1467
L 18 82 1468
R 18 0 1469
L 83 17 1470
R 83 0 1471
R 61 61 1471
L 61 0 1471
L 68 32 1472
R 4 36 1472
R 135 71 1473
R 85 56 1474
R 11 67 1474
R 333 0 1478
L 884 16 1487
R 21 37 1487
L 70 67 1488
L 67 0 1488
L 10 90 1489
L 90 0 1489
R 40 40 1489
L 44 96 1490
R 804 0 1499
L 53 47 1500
R 48 95 1500
R 62 57 1501
L 74 83 1502
L 38 45 1502
R 84 29 1503
R 24 53 1503
L 72 81 1504
R 59 40 1505
L 61 79 1506
R 21 0 1507
R 19 19 1507
R 72 91 1507
L 91 0 1507
R 78 78 1507
L 40 38 1507
L 2 36 1507
R 67 3 1508
L 414 89 1513
R 11 0 1514
R 46 46 1514
R 54 0 1515
R 40 40 1515
L 410 30 1519
R 99 29 1520
R 73 2 1521
R 56 58 1521
R 94 52 1522
R 17 69 1522
L 95 74 1523
R 726 0 1531
R 62 62 1531
R 38 0 1532
L 7 93 1533
L 91 2 1533
R 69 71 1533
R 329 0 1537
R 549 49 1542
L 21 28 1542
R 75 3 1543
R 91 94 1543
L 94 0 1543
R 2 2 1543
R 198 0 1545
L 390 10 1549
L 10 0 1549
R 99 99 1549
R 1 0 1550
L 790 10 1558
L 81 29 1559
R 98 27 1560
R 73 0 1561
L 837 63 1570
L 948 15 1579
R 38 53 1579
R 86 39 1580
R 79 18 1581
L 18 0 1581
R 62 62 1581
L 62 0 1581
L 109 91 1583
R 54 45 1584
L 40 5 1584
L 75 30 1585
L 3 27 1585
L 727 0 1592
R 96 96 1592
L 66 30 1592
L 67 63 1593
R 16 79 1593
R 75 54 1594
L 73 81 1595
L 88 93 1596
R 7 0 1597
L 6 94 1598
R 6 0 1599
L 6 94 1600
R 47 41 1601
L 94 47 1602
L 976 71 1612
R 543 14 1618
L 39 75 1619
L 75 0 1619
R 20 20 1619
L 788 32 1627
R 68 0 1628
L 69 31 1629
R 55 86 1629
R 84 70 1630
L 70 0 1630
L 57 43 1631
R 721 64 1638
L 85 79 1639
R 21 0 1640
R 91 91 1640
R 9 0 1641
R 4 4 1641
L 48 56 1642
R 44 0 1643
R 63 63 1643
L 848 15 1651
R 385 0 1655
L 26 74 1656
L 74 0 1656
R 71 71 1656
L 6 65 1656
L 565 0 1661
L 702 98 1669
L 98 0 1669
L 23 77 1670
L 77 0 1670
L 62 38 1671
L 38 0 1671
L 53 47 1672
L 547 0 1677
R 26 26 1677
R 43 69 1677
L 917 52 1686
L 67 85 1687
L 67 18 1687
R 974 92 1696
R 893 85 1705
L 85 0 1705
L 67 33 1706
R 2 35 1706
R 346 81 1709
L 184 97 1711
L 127 70 1712
R 830 0 1721
L 84 16 1722
R 884 0 1731
L 33 67 1732
L 67 0 1732
R 54 54 1732
L 13 41 1732
L 33 8 1732
L 98 10 1733
L 104 6 1734
R 11 17 1734
L 17 0 1734
R 60 60 1734
L 460 0 1738
L 66 34 1739
R 17 51 1739
L 51 0 1739
L 81 19 1740
L 19 0 1740
L 13 87 1741
R 3 90 1741
L 90 0 1741
R 328 28 1744
L 87 41 1745
L 41 0 1745
R 57 57 1745
R 18 75 1745
R 67 42 1746
R 17 59 1746
R 15 74 1746
R 26 0 1747
L 8 92 1748
L 392 0 1751
L 97 3 1752
L 70 33 1753
L 644 89 1760
L 629 60 1766
R 7 67 1766
R 88 55 1767
R 140 95 1768
R 28 23 1769
L 23 0 1769
L 492 8 1774
L 8 0 1774
L 94 6 1775
L 14 92 1776
L 399 93 1780
L 2 91 1780
R 9 0 1781
L 76 24 1782
R 22 46 1782
R 52 98 1782
R 602 0 1789
L 56 44 1790
L 44 0 1790
R 79 79 1790
L 164 15 1791
L 15 0 1791
L 22 78 1792
R 72 50 1793
R 805 55 1801
L 85 70 1802
R 64 34 1803
L 73 61 1804
R 89 50 1805
R 750 0 1813
L 87 13 1814
R 55 68 1814
L 65 3 1814
R 349 52 1817
R 50 2 1818
L 2 0 1818
R 982 82 1827
R 34 16 1828
L 16 0 1828
R 74 74 1828
R 74 48 1829
L 122 26 1830
L 83 43 1831
R 57 0 1832
R 35 35 1832
R 65 0 1833
R 351 51 1836
R 22 73 1836
R 90 63 1837
L 50 13 1837
R 23 36 1837
R 66 2 1838
R 97 99 1838
L 45 54 1838
R 34 88 1838
R 49 37 1839
R 985 22 1849
R 434 56 1853
R 62 18 1854
R 118 36 1855
R 64 0 1856
L 13 87 1857
L 68 19 1857
L 14 5 1857
R 35 40 1857
R 960 0 1867
R 57 57 1867
L 57 0 1867
R 12 12 1867
L 951 61 1877
R 346 7 1881
R 29 36 1881
L 36 0 1881
L 63 37 1882
L 60 77 1883
L 77 0 1883
R 71 71 1883
L 19 52 1883
R 48 0 1884
L 36 64 1885
L 64 0 1885
L 934 66 1895
R 23 89 1895
L 59 30 1895
R 70 0 1896
R 127 27 1897
R 11 38 1897
L 32 6 1897
R 28 34 1897
L 34 0 1897
R 90 90 1897
R 10 0 1898
L 58 42 1899
L 65 77 1900
R 47 24 1901
R 18 42 1901
R 58 0 1902
R 306 6 1905
L 67 39 1906
R 976 15 1916
R 85 0 1917
R 119 19 1918
R 10 29 1918
R 39 68 1918
R 87 55 1919
L 36 19 1919
L 19 0 1919
R 51 51 1919
R 18 69 1919
R 31 0 1920
R 72 72 1920
R 88 60 1921
L 360 0 1924
R 4 4 1924
L 875 29 1933
R 755 84 1940
R 716 0 1948
L 76 24 1949
L 1 23 1949
R 77 0 1950
R 20 20 1950
R 80 0 1951
L 243 57 1954
R 27 84 1954
R 16 0 1955
R 698 98 1961
L 646 52 1967
R 48 0 1968
L 64 36 1969
R 2 38 1969
R 462 0 1974
L 36 64 1975
R 1 65 1975
R 81 46 1976
R 61 7 1977
L 68 39 1978
R 30 69 1978
L 769 0 1985
R 18 18 1985
L 41 77 1986
L 77 0 1986
L 10 90 1987
L 756 34 1994
L 53 81 1995
R 19 0 1996
L 12 88 1997
L 89 99 1998
R 1 0 1999
R 97 97 1999
R 14 11 2000
L 8 3 2000
R 97 0 2001
R 86 86 2001
L 53 33 2001
R 67 0 2002
R 17 17 2002
R 78 95 2002
L 376 19 2005
R 29 48 2005
R 45 93 2005
R 29 22 2006
L 98 24 2007
L 38 86 2008
L 13 73 2008
L 73 0 2008
R 845 45 2016
R 80 25 2017
R 485 10 2022
R 982 92 2031
L 29 63 2031
L 78 85 2032
R 83 68 2033
L 593 75 2039
L 3 72 2039
L 972 0 2048
R 539 39 2053
R 61 0 2054
L 67 33 2055
R 58 91 2055
R 9 0 2056
L 40 60 2057
L 14 46 2057
L 66 80 2058
L 80 0 2058
R 43 43 2058
R 94 37 2059
L 537 0 2064
R 19 19 2064
L 31 88 2065
R 58 46 2066
L 27 19 2066
L 9 10 2066
L 310 0 2069
L 99 1 2070
L 1 0 2070
L 54 46 2071
L 46 0 2071
L 925 75 2081
R 191 66 2083
R 34 0 2084
R 79 79 2084
R 80 59 2085
R 41 0 2086
L 313 87 2090
L 60 27 2090
L 49 78 2091
L 26 52 2091
R 22 74 2091
L 74 0 2091
L 81 19 2092
L 6 13 2092
R 76 89 2092
R 27 16 2093
R 44 60 2093
R 570 30 2099
R 570 0 2105
L 7 93 2106
L 48 45 2106
L 95 50 2107
L 50 0 2107
L 65 35 2108
L 93 42 2109
R 6 48 2109
R 52 0 2110
L 45 55 2111
L 19 36 2111
L 36 0 2111
R 44 44 2111
L 44 0 2111
R 795 95 2118
L 95 0 2118
L 51 49 2119
R 51 0 2120
L 999 1 2130
L 1 0 2130
L 20 80 2131
L 75 5 2131
L 1 4 2131
L 4 0 2131
L 90 10 2132
L 10 0 2132
L 40 60 2133
R 88 48 2134
R 106 54 2135
L 35 19 2135
R 81 0 2136
R 6 6 2136
R 38 44 2136
R 67 11 2137
L 11 0 2137
R 55 55 2137
R 394 49 2141
R 51 0 2142
L 47 53 2143
L 56 97 2144
R 89 86 2145
R 66 52 2146
R 74 26 2147
R 79 5 2148
R 95 0 2149
R 96 96 2149
L 34 62 2149
R 38 0 2150
R 74 74 2150
L 93 81 2151
R 45 26 2152
R 22 48 2152
R 52 0 2153
R 58 58 2153
L 58 0 2153
L 38 62 2154
L 623 39 2160
R 61 0 2161
R 74 74 2161
L 32 42 2161
L 45 97 2162
R 703 0 2170
R 30 30 2170
R 90 20 2171
R 98 18 2172
L 72 46 2173
R 40 86 2173
R 55 41 2174
R 59 0 2175
L 54 46 2176
R 26 72 2176
L 70 2 2176
R 798 0 2184
R 88 88 2184
R 15 3 2185
R 32 35 2185
R 86 21 2186
R 79 0 2187
R 1 1 2187
R 87 88 2187
L 93 95 2188
R 5 0 2189
L 828 72 2198
R 28 0 2199
L 502 98 2205
R 2 0 2206
R 25 25 2206
L 25 0 2206
L 83 17 2207
L 85 32 2208
L 32 0 2208
R 53 53 2208
R 14 67 2208
L 15 52 2208
R 16 68 2208
L 68 0 2208
L 407 93 2213
L 88 5 2213
R 37 42 2213
L 42 0 2213
R 322 22 2216
R 39 61 2216
L 29 32 2216
L 873 59 2225
R 43 2 2226
L 54 48 2227
R 72 20 2228
R 77 97 2228
R 3 0 2229
L 38 62 2230
L 92 70 2231
L 133 37 2232
R 63 0 2233
R 67 67 2233
L 55 12 2233
L 12 0 2233
L 412 88 2238
L 70 18 2238
R 82 0 2239
R 27 27 2239
R 86 13 2240
R 17 30 2240
R 70 0 2241
L 47 53 2242
L 75 78 2243
L 41 37 2243
L 59 78 2244
L 178 0 2245
L 906 94 2255
L 94 0 2255
L 15 85 2256
L 285 0 2258
L 31 69 2259
R 131 0 2261
R 63 63 2261
R 75 38 2262
L 304 34 2265
L 18 16 2265
R 857 73 2273
R 27 0 2274
R 193 93 2275
L 93 0 2275
L 86 14 2276
R 91 5 2277
R 95 0 2278
R 11 11 2278
L 79 32 2279
R 21 53 2279
R 27 80 2279
R 53 33 2280
L 34 99 2281
R 501 0 2287
R 47 47 2287
R 919 66 2296
R 34 0 2297
R 90 90 2297
R 42 32 2298
R 14 46 2298
R 54 0 2299
R 47 47 2299
L 47 0 2299
R 10 10 2299
L 10 0 2299
L 43 57 2300
L 57 0 2300
L 38 62 2301
L 49 13 2301
R 87 0 2302
L 68 32 2303
R 46 78 2303
L 78 0 2303
L 17 83 2304
L 41 42 2304
L 34 8 2304
R 66 74 2304
L 74 0 2304
L 11 89 2305
L 89 0 2305
L 222 78 2308
R 22 0 2309
L 66 34 2310
R 19 53 2310
L 12 41 2310
L 741 0 2317
R 27 27 2317
R 32 59 2317
L 504 55 2322
L 834 21 2330
L 71 50 2331
R 16 66 2331
R 69 35 2332
L 35 0 2332
L 591 9 2338
L 9 0 2338
R 68 68 2338
L 791 77 2346
L 24 53 2346
R 31 84 2346
L 4 80 2346
R 17 97 2346
R 514 11 2352
L 15 96 2353
R 4 0 2354
L 66 34 2355
L 34 0 2355
R 34 34 2355
R 77 11 2356
L 80 31 2357
R 69 0 2358
R 68 68 2358
L 68 0 2358
L 513 87 2364
L 21 66 2364
L 166 0 2365
L 5 95 2366
R 72 67 2367
L 85 82 2368
L 382 0 2371
R 69 69 2371
R 85 54 2372
R 546 0 2378
L 98 2 2379
R 98 0 2380
L 34 66 2381
L 966 0 2390
L 43 57 2391
R 43 0 2392
R 15 15 2392
R 85 0 2393
R 83 83 2393
L 80 3 2393
L 1 2 2393
L 18 84 2394
L 12 72 2394
L 58 14 2394
L 94 20 2395
R 80 0 2396
R 921 21 2405
R 76 97 2405
L 97 0 2405
R 8 8 2405
R 70 78 2405
L 30 48 2405
L 48 0 2405
R 81 81 2405
R 71 52 2406
L 70 82 2407
L 94 88 2408
R 12 0 2409
L 71 29 2410
L 229 0 2412
R 556 56 2417
R 44 0 2418
R 55 55 2418
L 61 94 2419
R 37 31 2420
R 48 79 2420
R 508 87 2425
L 311 76 2428
R 62 38 2429
R 62 0 2430
R 43 43 2430
L 5 38 2430
L 57 81 2431
R 84 65 2432
L 165 0 2433
R 90 90 2433
L 90 0 2433
R 27 27 2433
L 36 91 2434
R 35 26 2435
R 29 55 2435
L 55 0 2435
R 80 80 2435
L 80 0 2435
L 30 70 2436
R 30 0 2437
R 96 96 2437
R 4 0 2438
R 94 94 2438
R 63 57 2439
R 743 0 2447
R 14 14 2447
L 14 0 2447
R 96 96 2447
R 204 0 2450
L 883 17 2459
R 854 71 2467
R 30 1 2468
L 90 11 2469
R 80 91 2469
L 996 95 2479
R 69 64 2480
R 36 0 2481
L 46 54 2482
L 16 38 2482
L 38 0 2482
R 24 24 2482
R 55 79 2482
L 79 0 2482
R 69 69 2482
L 57 12 2482
R 655 67 2488
L 99 68 2489
L 9 59 2489
R 38 97 2489
L 97 0 2489
L 40 60 2490
R 740 0 2498
L 23 77 2499
L 126 51 2500
L 68 83 2501
R 17 0 2502
L 87 13 2503
R 41 54 2503
L 23 31 2503
L 190 41 2505
R 13 54 2505
L 248 6 2507
L 6 0 2507
R 93 93 2507
L 71 22 2507
L 22 0 2507
L 71 29 2508
R 91 20 2509
L 20 0 2509
L 25 75 2510
L 27 48 2510
R 68 16 2511
R 84 0 2512
L 266 34 2515
L 353 81 2519
L 76 5 2519
L 5 0 2519
R 32 32 2519
R 82 14 2520
R 538 52 2525
L 552 0 2530
R 65 65 2530
L 344 21 2533
R 26 47 2533
L 47 0 2533
L 9 91 2534
R 22 13 2535
L 13 0 2535
R 48 48 2535
R 71 19 2536
R 66 85 2536
R 15 0 2537
R 34 34 2537
R 81 15 2538
L 171 44 2540
L 2 42 2540
R 698 40 2547
R 3 43 2547
R 57 0 2548
L 64 36 2549
R 627 63 2555
L 563 0 2560
L 8 92 2561
R 8 0 2562
L 90 10 2563
R 366 76 2566
L 741 35 2573
L 417 18 2577
L 18 0 2577
L 87 13 2578
L 93 20 2579
R 180 0 2581
R 606 6 2587
R 50 56 2587
L 56 0 2587
R 33 33 2587
R 43 76 2587
R 38 14 2588
L 77 37 2589
R 763 0 2597
L 97 3 2598
R 67 70 2598
R 90 60 2599
L 31 29 2599
R 80 9 2600
L 709 0 2607
L 4 96 2608
R 4 0 2609
R 29 29 2609
L 29 0 2609
L 603 97 2616
L 772 25 2623
L 20 5 2623
R 84 89 2623
L 89 0 2623
L 60 40 2624
R 60 0 2625
L 69 31 2626
L 31 0 2626
R 18 18 2626
L 89 29 2627
R 76 5 2628
R 286 91 2630
R 89 80 2631
R 24 4 2632
R 14 18 2632
L 18 0 2632
R 65 65 2632
L 25 40 2632
L 40 0 2632
L 74 26 2633
R 74 0 2634
L 51 49 2635
R 51 0 2636
R 93 93 2636
L 94 99 2637
R 80 79 2638
L 79 0 2638
L 76 24 2639
L 24 0 2639
L 35 65 2640
L 72 93 2641
L 93 0 2641
R 26 26 2641
L 14 12 2641
R 388 0 2645
R 90 90 2645
R 64 54 2646
L 64 90 2647
R 37 27 2648
L 6 21 2648
R 79 0 2649
R 46 46 2649
L 95 51 2650
R 449 0 2655
R 99 99 2655
L 402 97 2659
R 45 42 2660
L 68 74 2661
L 74 0 2661
R 37 37 2661
R 74 11 2662
L 58 53 2663
L 995 58 2673
R 68 26 2674
L 26 0 2674
L 75 25 2675
R 499 24 2680
L 58 66 2681
R 8 74 2681
R 13 87 2681
L 11 76 2681
R 24 0 2682
L 41 59 2683
R 44 3 2684
L 72 31 2685
R 69 0 2686
R 84 84 2686
R 16 0 2687
R 88 88 2687
R 93 81 2688
L 781 0 2695
R 38 38 2695
L 98 40 2696
R 841 81 2704
L 14 67 2704
R 33 0 2705
L 51 49 2706
R 51 0 2707
R 28 28 2707
L 228 0 2709
L 91 9 2710
L 77 32 2711
L 232 0 2713
R 203 3 2715
R 31 34 2715
R 66 0 2716
L 73 27 2717
R 73 0 2718
R 76 76 2718
L 44 32 2718
R 68 0 2719
L 984 16 2729
L 16 0 2729
L 68 32 2730
R 14 46 2730
L 683 63 2737
R 137 0 2739
R 18 18 2739
R 65 83 2739
R 944 27 2749
L 66 61 2750
R 789 50 2758
R 3 53 2758
L 253 0 2760
L 48 52 2761
L 13 39 2761
L 39 0 2761
L 98 2 2762
R 99 1 2763
L 21 80 2764
L 27 53 2764
L 8 45 2764
R 26 71 2764
R 29 0 2765
L 69 31 2766
R 44 75 2766
L 75 0 2766
L 95 5 2767
R 95 0 2768
L 64 36 2769
L 36 0 2769
R 5 5 2769
R 95 0 2770
L 96 4 2771
L 63 41 2772
R 10 51 2772
L 293 58 2775
L 58 0 2775
R 47 47 2775
L 40 7 2775
R 34 41 2775
R 217 58 2777
L 58 0 2777
R 63 63 2777
L 77 86 2778
L 96 90 2779
L 90 0 2779
L 25 75 2780
R 625 0 2787
R 548 48 2792
L 86 62 2793
R 38 0 2794
R 92 92 2794
R 8 0 2795
R 82 82 2795
R 18 0 2796
L 39 61 2797
R 255 16 2800
L 4 12 2800
L 12 0 2800
R 36 36 2800
R 44 80 2800
L 701 79 2807
L 25 54 2807
R 46 0 2808
R 507 7 2813
R 767 74 2820
L 74 0 2820
R 87 87 2820
R 61 48 2821
L 552 96 2827
R 63 59 2828
L 7 52 2828
L 11 41 2828
R 73 14 2829
L 9 5 2829
L 5 0 2829
R 741 41 2836
L 41 0 2836
L 92 8 2837
L 47 61 2838
L 61 0 2838
L 47 53 2839
L 676 77 2846
L 77 0 2846
L 390 10 2850
L 5 5 2850
L 805 0 2858
R 69 69 2858
R 64 33 2859
L 48 85 2860
L 85 0 2860
L 59 41 2861
R 12 53 2861
R 33 86 2861
L 880 6 2869
L 706 0 2876
L 15 85 2877
R 15 0 2878
L 80 20 2879
R 528 48 2884
L 81 67 2885
L 62 5 2885
R 95 0 2886
R 86 86 2886
L 40 46 2886
L 316 30 2889
R 87 17 2890
R 6 23 2890
R 46 69 2890
L 92 77 2891
R 28 5 2892
R 86 91 2892
R 9 0 2893
R 25 25 2893
R 75 0 2894
L 77 23 2895
L 5 18 2895
R 20 38 2895
L 89 49 2896
L 38 11 2896
L 83 28 2897
R 72 0 2898
R 610 10 2904
L 90 20 2905
L 2 18 2905
R 925 43 2914
R 57 0 2915
L 970 30 2925
L 50 80 2926
R 20 0 2927
R 19 19 2927
R 877 96 2935
R 11 7 2936
R 193 0 2938
R 80 80 2938
R 64 44 2939
L 9 35 2939
L 16 19 2939
R 6 25 2939
R 64 89 2939
L 89 0 2939
L 95 5 2940
R 495 0 2945
R 55 55 2945
L 713 42 2952
L 42 0 2952
L 31 69 2953
R 326 95 2956
L 37 58 2956
L 24 34 2956
L 82 52 2957
R 27 79 2957
L 63 16 2957
R 6 22 2957
R 21 43 2957
R 57 0 2958
L 34 66 2959
L 813 53 2967
R 28 81 2967
L 60 21 2967
R 65 86 2967
L 86 0 2967
R 96 96 2967
R 4 0 2968
R 684 84 2974
L 84 0 2974
L 72 28 2975
L 22 6 2975
L 6 0 2975
L 36 64 2976
R 336 0 2980
R 2 2 2980
R 199 1 2982
L 1 0 2982
L 23 77 2983
L 93 84 2984
L 44 40 2984
L 930 10 2993
L 70 40 2994
R 86 26 2995
L 526 0 3000
R 19 19 3000
R 4 23 3000
L 97 26 3001
R 74 0 3002
R 269 69 3004
L 79 90 3005
R 10 0 3006
L 4 96 3007
L 96 0 3007
R 839 39 3015
R 3 42 3015
L 10 32 3015
R 68 0 3016
L 94 6 3017
R 27 33 3017
L 78 55 3018
L 545 10 3023
L 98 12 3024
R 88 0 3025
L 286 14 3028
L 543 71 3034
R 329 0 3038
L 12 88 3039
R 81 69 3040
L 69 0 3040
L 47 53 3041
L 53 0 3041
L 56 44 3042
L 20 24 3042
R 56 80 3042
L 26 54 3042
L 169 85 3044
R 15 0 3045
R 53 53 3045
L 18 35 3045
L 35 0 3045
R 26 26 3045
R 274 0 3048
R 63 63 3048
R 37 0 3049
R 94 94 3049
R 405 99 3053
L 231 68 3055
L 51 17 3055
R 83 0 3056
L 97 3 3057
L 24 79 3058
L 29 50 3058
L 31 19 3058
L 38 81 3059
L 52 29 3059
R 71 0 3060
R 988 88 3069
L 67 21 3069
L 57 64 3070
L 91 73 3071
L 63 10 3071
R 90 0 3072
R 48 48 3072
R 52 0 3073
R 5 5 3073
R 95 0 3074
L 44 56 3075
R 2 58 3075
R 13 71 3075
L 20 51 3075
L 21 30 3075
L 48 82 3076
R 760 42 3084
R 65 7 3085
R 41 48 3085
R 996 44 3095
R 787 31 3103
R 82 13 3104
L 65 48 3105
L 232 16 3107
R 884 0 3116
L 88 12 3117
L 12 0 3117
L 921 79 3127
R 821 0 3136
R 758 58 3143
R 83 41 3144
R 259 0 3147
R 11 11 3147
L 11 0 3147
L 77 23 3148
R 21 44 3148
L 44 0 3148
L 37 63 3149
R 37 0 3150
R 28 28 3150
R 27 55 3150
R 26 81 3150
L 40 41 3150
R 59 0 3151
R 74 74 3151
R 32 6 3152
R 94 0 3153
L 491 9 3158
L 25 84 3159
R 99 83 3160
L 238 45 3162
R 60 5 3163
L 50 55 3164
R 45 0 3165
L 381 19 3169
L 54 65 3170
R 15 80 3170
R 20 0 3171
R 95 95 3171
R 305 0 3175
R 52 52 3175
L 24 28 3175
L 86 42 3176
R 46 88 3176
L 88 0 3176
R 46 46 3176
R 480 26 3181
L 26 0 3181
L 60 40 3182
L 91 49 3183
L 15 34 3183
L 73 61 3184
R 89 50 3185
R 770 20 3193
R 768 88 3200
R 68 56 3201
R 746 2 3209
L 2 0 3209
L 31 69 3210
L 153 16 3211
L 62 54 3212
L 54 0 3212
L 43 57 3213
R 58 15 3214
R 55 70 3214
R 98 68 3215
R 778 46 3223
L 246 0 3225
R 93 93 3225
R 307 0 3229
L 50 50 3230
L 83 67 3231
R 66 33 3232
R 14 47 3232
R 6 53 3232
R 797 50 3240
R 50 0 3241
L 76 24 3242
L 53 71 3243
L 83 88 3244
R 92 80 3245
R 20 0 3246
L 82 18 3247
L 73 45 3248
R 55 0 3249
R 75 75 3249
L 83 92 3250
R 872 64 3259
R 21 85 3259
L 85 0 3259
R 40 40 3259
L 40 0 3259
L 99 1 3260
R 74 75 3260
R 26 1 3261
R 86 87 3261
L 87 0 3261
L 81 19 3262
R 81 0 3263
L 666 34 3270
L 130 4 3271
R 83 87 3271
L 887 0 3279
R 299 99 3281
R 49 48 3282
R 57 5 3283
R 47 52 3283
R 51 3 3284
R 86 89 3284
R 11 0 3285
L 71 29 3286
L 57 72 3287
R 6 78 3287
L 60 18 3287
L 66 52 3288
L 50 2 3288
R 98 0 3289
L 28 72 3290
L 795 77 3298
L 29 48 3298
R 352 0 3302
L 62 38 3303
R 91 29 3304
L 76 53 3305
L 53 0 3305
L 93 7 3306
L 97 10 3307
R 90 0 3308
R 82 82 3308
R 18 0 3309
L 67 33 3310
R 86 19 3311
L 57 62 3312
R 638 0 3319
L 10 90 3320
R 749 39 3328
L 2 37 3328
L 57 80 3329
L 187 93 3331
R 7 0 3332
R 53 53 3332
R 2 55 3332
L 55 0 3332
R 835 35 3340
L 935 0 3349
L 2 98 3350
L 77 21 3350
R 5 26 3350
R 74 0 3351
L 94 6 3352
R 40 46 3352
R 54 0 3353
R 169 69 3354
L 60 9 3354
L 909 0 3363
L 61 39 3364
L 10 29 3364
L 29 0 3364
L 25 75 3365
R 25 0 3366
L 10 90 3367
L 12 78 3367
R 822 0 3376
L 24 76 3377
L 49 27 3377
L 82 45 3378
L 19 26 3378
R 34 60 3378
L 160 0 3379
L 62 38 3380
L 50 88 3381
L 88 0 3381
R 25 25 3381
L 25 0 3381
L 603 97 3388
R 45 42 3389
L 42 0 3389
R 9 9 3389
R 44 53 3389
L 53 0 3389
R 47 47 3389
R 55 2 3390
L 302 0 3393
R 23 23 3393
R 70 93 3393
L 40 53 3393
L 860 93 3402
R 75 68 3403
R 32 0 3404
R 67 67 3404
R 33 0 3405
L 331 69 3409
R 47 16 3410
R 55 71 3410
L 46 25 3410
R 275 0 3413
R 82 82 3413
L 82 0 3413
L 389 11 3417
L 266 45 3420
L 59 86 3421
L 188 98 3423
L 98 0 3423
L 11 89 3424
R 48 37 3425
R 85 22 3426
L 379 43 3430
R 18 61 3430
R 92 53 3431
R 85 38 3432
L 38 0 3432
R 95 95 3432
L 395 0 3435
L 82 18 3436
R 96 14 3437
L 14 0 3437
L 278 22 3440
R 78 0 3441
L 72 28 3442
R 367 95 3445
R 71 66 3446
R 60 26 3447
R 74 0 3448
R 75 75 3448
R 386 61 3452
R 68 29 3453
L 971 58 3463
R 8 66 3463
R 83 49 3464
R 51 0 3465
L 25 75 3466
L 86 89 3467
L 86 3 3467
L 99 4 3468
L 61 43 3469
L 43 0 3469
R 94 94 3469
L 882 12 3477
L 90 22 3478
R 76 98 3478
R 550 48 3484
R 398 46 3488
R 54 0 3489
L 1 99 3490
L 99 0 3490
L 90 10 3491
R 90 0 3492
R 7 7 3492
R 663 70 3498
L 94 76 3499
L 492 84 3504
L 76 8 3504
L 75 33 3505
L 639 94 3512
R 69 63 3513
R 58 21 3514
L 21 0 3514
R 19 19 3514
L 70 49 3515
L 49 0 3515
L 79 21 3516
L 21 0 3516
R 60 60 3516
R 38 98 3516
L 63 35 3516
L 18 17 3516
L 75 42 3517
L 42 0 3517
L 698 2 3524
L 877 25 3533
L 25 0 3533
R 38 38 3533
R 62 0 3534
L 996 4 3544
R 96 0 3545
R 33 33 3545
L 71 62 3546
R 38 0 3547
L 14 86 3548
L 86 0 3548
L 17 83 3549
R 15 98 3549
R 2 0 3550
L 51 49 3551
L 18 31 3551
L 76 55 3552
L 71 84 3553
L 88 96 3554
L 96 0 3554
R 96 96 3554
R 54 50 3555
L 64 86 3556
L 3 83 3556
L 683 0 3562
L 77 23 3563
L 78 45 3564
R 55 0 3565
L 29 71 3566
R 730 1 3574
L 7 94 3575
R 6 0 3576
R 63 63 3576
R 37 0 3577
L 864 36 3586
L 353 83 3590
R 6 89 3590
L 90 99 3591
R 80 79 3592
R 21 0 3593
R 45 45 3593
L 283 62 3596
R 38 0 3597
L 91 9 3598
R 51 60 3598
L 11 49 3598
L 65 84 3599
R 68 52 3600
R 15 67 3600
R 11 78 3600
R 22 0 3601
R 64 64 3601
R 46 10 3602
R 12 22 3602
R 58 80 3602
L 780 0 3609
R 27 27 3609
R 73 0 3610
R 90 90 3610
L 11 79 3610
R 356 35 3614
L 8 27 3614
R 23 50 3614
R 25 75 3614
R 25 0 3615
R 87 87 3615
R 91 78 3616
R 83 61 3617
L 77 84 3618
L 85 99 3619
R 565 64 3625
L 31 33 3625
L 34 99 3626
R 68 67 3627
R 33 0 3628
L 198 2 3630
R 49 51 3630
R 42 93 3630
R 265 58 3633
L 98 60 3634
R 74 34 3635
L 34 0 3635
L 19 81 3636
L 70 11 3636
L 11 0 3636
L 76 24 3637
R 24 48 3637
L 17 31 3637
R 772 3 3645
L 67 36 3646
R 64 0 3647
L 24 76 3648
R 724 0 3656
L 13 87 3657
L 74 13 3657
L 91 22 3658
L 16 6 3658
R 95 1 3659
R 1 2 3659
L 30 72 3660
R 78 50 3661
R 77 27 3662
R 53 80 3662
L 80 0 3662
L 23 77 3663
R 61 38 3664
R 41 79 3664
L 79 0 3664
L 62 38 3665
R 62 0 3666
R 18 18 3666
R 82 0 3667
L 21 79 3668
L 48 31 3668
R 69 0 3669
R 72 72 3669
L 72 0 3669
L 212 88 3672
R 68 56 3673
L 937 19 3682
R 99 18 3683
R 84 2 3684
R 98 0 3685
L 984 16 3695
L 16 0 3695
L 528 72 3701
R 65 37 3702
L 171 66 3704
R 43 9 3705
R 91 0 3706
L 96 4 3707
L 4 0 3707
R 70 70 3707
R 36 6 3708
L 70 36 3709
R 5 41 3709
R 59 0 3710
L 89 11 3711
L 11 0 3711
L 99 1 3712
R 12 13 3712
R 87 0 3713
L 27 73 3714
L 17 56 3714
R 99 55 3715
R 45 0 3716
L 19 81 3717
R 82 63 3718
L 63 0 3718
L 28 72 3719
L 30 42 3719
R 888 30 3728
L 20 10 3728
L 519 91 3734
R 81 72 3735
L 26 46 3735
L 837 9 3743
L 56 53 3744
R 29 82 3744
L 82 0 3744
R 76 76 3744
R 86 62 3745
L 231 31 3747
L 873 58 3756
L 82 76 3757
L 191 85 3759
L 59 26 3759
L 21 5 3759
R 90 95 3759
L 95 0 3759
R 514 14 3764
L 9 5 3764
L 12 93 3765
L 93 0 3765
R 63 63 3765
R 37 0 3766
R 3 3 3766
R 755 58 3773
R 59 17 3774
R 83 0 3775
R 19 19 3775
L 38 81 3776
R 74 55 3777
L 8 47 3777
L 47 0 3777
R 851 51 3785
L 44 7 3785
R 3 10 3785
R 86 96 3785
L 68 28 3785
R 41 69 3785
L 81 88 3786
R 92 80 3787
L 280 0 3789
R 88 88 3789
L 20 68 3789
R 683 51 3796
R 49 0 3797
L 94 6 3798
L 41 65 3799
R 337 2 3803
R 47 49 3803
L 16 33 3803
R 74 7 3804
L 82 25 3805
L 25 0 3805
L 75 25 3806
R 45 70 3806
L 70 0 3806
L 89 11 3807
L 237 74 3810
L 74 0 3810
R 37 37 3810
R 65 2 3811
L 56 46 3812
R 733 79 3819
L 79 0 3819
R 43 43 3819
L 45 98 3820
L 698 0 3826
L 50 50 3827
L 99 51 3828
L 19 32 3828
R 68 0 3829
L 64 36 3830
L 53 83 3831
L 56 27 3831
R 90 17 3832
L 717 0 3839
R 54 54 3839
R 46 0 3840
R 71 71 3840
R 829 0 3849
L 30 70 3850
L 70 0 3850
R 94 94 3850
R 80 74 3851
L 74 0 3851
R 4 4 3851
L 42 62 3852
L 38 24 3852
L 24 0 3852
L 58 42 3853
L 78 64 3854
R 36 0 3855
R 626 26 3861
L 61 65 3862
R 537 2 3868
L 20 82 3869
L 179 3 3870
L 63 40 3871
L 40 0 3871
R 37 37 3871
L 56 81 3872
L 20 61 3872
R 39 0 3873
L 76 24 3874
R 16 40 3874
L 23 17 3874
R 51 68 3874
L 68 0 3874
L 54 46 3875
R 45 91 3875
R 709 0 3883
L 387 13 3887
L 13 0 3887
L 866 34 3896
R 66 0 3897
L 665 35 3904
L 48 87 3905
L 87 0 3905
L 42 58 3906
L 558 0 3911
L 62 38 3912
L 24 14 3912
R 402 16 3916
R 72 88 3916
L 4 84 3916
L 884 0 3924
L 827 73 3933
L 73 0 3933
R 51 51 3933
L 51 0 3933
L 332 68 3937
L 37 31 3937
L 32 99 3938
L 78 21 3938
L 87 34 3939
L 734 0 3946
L 4 96 3947
L 55 41 3947
L 741 0 3954
L 53 47 3955
L 47 0 3955
L 11 89 3956
R 11 0 3957
R 178 78 3958
L 22 56 3958
L 56 0 3958
R 58 58 3958
R 269 27 3961
R 53 80 3961
L 80 0 3961
L 2 98 3962
R 83 81 3963
R 19 0 3964
L 970 30 3974
R 70 0 3975
L 92 8 3976
R 153 61 3977
L 51 10 3977
L 352 58 3981
L 419 39 3985
R 63 2 3986
R 44 46 3986
R 63 9 3987
R 76 85 3987
L 85 0 3987
R 68 68 3987
L 68 0 3987
L 18 82 3988
L 89 93 3989
R 67 60 3990
R 76 36 3991
L 136 0 3992
L 56 44 3993
R 56 0 3994
L 41 59 3995
R 241 0 3998
L 1 99 3999
L 52 47 3999
R 13 60 3999
L 60 0 3999
R 18 18 3999
L 26 92 4000
R 92 84 4001
R 185 69 4003
L 33 36 4003
R 854 90 4011
L 11 79 4011
R 25 4 4012
L 4 0 4012
R 99 99 4012
R 1 0 4013
R 309 9 4016
R 55 64 4016
L 64 0 4016
L 79 21 4017
L 21 0 4017
R 98 98 4017
L 726 72 4024
L 60 12 4024
R 88 0 4025
R 69 69 4025
R 332 1 4029
R 65 66 4029
R 23 89 4029
L 89 0 4029
R 65 65 4029
L 742 23 4036
L 84 39 4037
R 15 54 4037
R 502 56 4042
R 44 0 4043
R 65 65 4043
R 31 96 4043
R 34 30 4044
R 47 77 4044
L 816 61 4052
L 3 58 4052
L 243 15 4054
R 288 3 4057
L 14 89 4058
L 89 0 4058
R 32 32 4058
L 32 0 4058
L 644 56 4065
R 75 31 4066
L 31 0 4066
R 90 90 4066
R 12 2 4067
R 242 44 4069
R 62 6 4070
L 64 42 4071
L 69 73 4072
L 73 0 4072
L 874 26 4081
R 74 0 4082
R 46 46 4082
L 46 0 4082
L 57 43 4083
L 88 55 4084
R 70 25 4085
R 86 11 4086
R 89 0 4087
R 45 45 4087
L 343 2 4090
L 37 65 4091
L 65 0 4091
L 2 98 4092
R 697 95 4099
L 86 9 4099
L 294 15 4102
L 87 28 4103
L 13 15 4103
R 51 66 4103
R 34 0 4104
L 77 23 4105
R 89 12 4106
L 314 98 4110
L 37 61 4110
R 63 24 4111
L 268 56 4114
L 61 95 4115
L 22 73 4115
R 61 34 4116
R 982 16 4126
L 553 63 4132
R 805 68 4140
L 568 0 4145
R 5 5 4145
R 95 0 4146
L 57 43 4147
L 1 42 4147
R 31 73 4147
R 27 0 4148
R 34 34 4148
R 73 7 4149
L 82 25 4150
L 25 0 4150
L 73 27 4151
L 41 86 4152
R 14 0 4153
L 42 58 4154
R 17 75 4154
L 21 54 4154
R 642 96 4160
L 12 84 4160
L 884 0 4168
R 78 78 4168
R 922 0 4178
R 299 99 4180
R 1 0 4181
R 59 59 4181
R 18 77 4181
L 47 30 4181
R 70 0 4182
L 32 68 4183
R 113 81 4184
R 68 49 4185
L 15 34 4185
R 66 0 4186
L 59 41 4187
L 55 86 4188
L 486 0 4192
L 45 55 4193
L 55 0 4193
L 87 13 4194
R 64 77 4194
L 71 6 4194
R 91 97 4194
L 89 8 4194
R 92 0 4195
R 185 85 4196
L 23 62 4196
R 96 58 4197
R 42 0 4198
R 61 61 4198
R 39 0 4199
L 778 22 4207
R 464 86 4211
L 62 24 4211
L 24 0 4211
R 513 13 4216
L 599 14 4222
L 214 0 4224
L 85 15 4225
L 85 30 4226
L 39 91 4227
R 427 18 4232
R 85 3 4233
L 44 59 4234
L 611 48 4240
R 754 2 4248
R 19 21 4248
R 22 43 4248
L 752 91 4256
R 618 9 4263
L 9 0 4263
R 78 78 4263
L 51 27 4263
R 70 97 4263
R 38 35 4264
L 35 0 4264
L 98 2 4265
L 2 0 4265
L 182 18 4267
R 80 98 4267
R 302 0 4271
R 17 17 4271
R 83 0 4272
R 26 26 4272
L 359 67 4276
L 99 68 4277
R 32 0 4278
L 5 95 4279
L 49 46 4279
L 46 0 4279
R 120 20 4280
L 57 63 4281
L 250 13 4283
L 50 63 4284
L 58 5 4284
R 11 16 4284
R 49 65 4284
R 63 28 4285
R 72 0 4286
L 17 83 4287
R 17 0 4288
R 35 35 4288
R 566 1 4294
R 47 48 4294
L 84 64 4295
R 36 0 4296
R 91 91 4296
R 87 78 4297
L 78 0 4297
L 97 3 4298
L 862 41 4307
L 41 0 4307
L 1 99 4308
L 91 8 4308
L 8 0 4308
R 633 33 4314
L 51 82 4315
R 94 76 4316
R 24 0 4317
L 70 30 4318
R 27 57 4318
L 3 54 4318
L 35 19 4318
L 81 38 4319
R 13 51 4319
R 49 0 4320
R 25 25 4320
R 67 92 4320
R 8 0 4321
L 35 65 4322
L 19 46 4322
R 52 98 4322
R 702 0 4330
R 11 11 4330
R 492 3 4335
R 897 0 4344
R 11 11 4344
R 2 13 4344
R 49 62 4344
L 62 0 4344
R 64 64 4344
R 1 65 4344
R 38 3 4345
R 25 28 4345
R 4 32 4345
L 32 0 4345
L 60 40 4346
R 37 77 4346
R 18 95 4346
L 81 14 4346
L 14 0 4346
L 63 37 4347
L 76 61 4348
L 14 47 4348
R 859 6 4357
R 94 0 4358
L 28 72 4359
R 28 0 4360
L 98 2 4361
L 107 95 4363
R 69 64 4364
R 736 0 4372
L 994 6 4382
R 69 75 4382
R 25 0 4383
L 81 19 4384
L 10 9 4384
R 24 33 4384
L 750 83 4392
R 56 39 4393
L 99 40 4394
L 83 57 4395
R 76 33 4396
R 843 76 4404
R 63 39 4405
L 17 22 4405
L 18 4 4405
L 4 0 4405
L 85 15 4406
L 25 90 4407
R 10 0 4408
R 335 35 4411
R 74 9 4412
R 91 0 4413
R 729 29 4420
R 81 10 4421
L 6 4 4421
R 887 91 4429
R 9 0 4430
L 83 17 4431
L 46 71 4432
L 15 56 4432
R 48 4 4433
L 33 71 4434
L 308 63 4437
R 18 81 4437
L 437 44 4441
R 37 81 4441
R 19 0 4442
R 56 56 4442
R 5 61 4442
R 17 78 4442
R 59 37 4443
L 627 10 4449
L 50 60 4450
L 117 43 4451
L 643 0 4457
R 95 95 4457
L 63 32 4457
L 64 68 4458
R 96 64 4459
R 50 14 4460
R 328 42 4463
R 85 27 4464
L 78 49 4465
R 875 24 4474
R 27 51 4474
R 49 0 4475
R 241 41 4477
L 45 96 4478
L 96 0 4478
R 4 4 4478
R 96 0 4479
L 26 74 4480
R 26 0 4481
R 417 17 4485
R 83 0 4486
L 39 61 4487
R 43 4 4488
L 4 0 4488
L 69 31 4489
L 41 90 4490
L 63 27 4490
R 67 94 4490
R 74 68 4491
R 37 5 4492
R 95 0 4493
R 30 30 4493
R 53 83 4493
L 83 0 4493
R 33 33 4493
L 36 97 4494
R 144 41 4496
R 40 81 4496
R 519 0 4502
L 71 29 4503
L 41 88 4504
R 448 36 4509
R 64 0 4510
R 38 38 4510
R 262 0 4513
L 1 99 4514
L 99 0 4514
R 248 48 4516
L 48 0 4516
L 98 2 4517
R 68 70 4517
R 830 0 4526
R 93 93 4526
R 20 13 4527
L 13 0 4527
R 52 52 4527
R 48 0 4528
R 13 13 4528
L 51 62 4529
L 723 39 4536
R 142 81 4537
R 19 0 4538
R 370 70 4541
L 70 0 4541
L 957 43 4551
R 33 76 4551
R 35 11 4552
L 90 21 4553
L 21 0 4553
R 90 90 4553
L 90 0 4553
R 80 80 4553
L 90 90 4554
R 27 17 4555
L 1 16 4555
L 816 0 4563
R 49 49 4563
L 82 67 4564
L 27 40 4564
R 62 2 4565
R 30 32 4565
R 81 13 4566
R 87 0 4567
L 78 22 4568
L 22 0 4568
L 491 9 4573
R 86 95 4573
R 439 34 4578
R 276 10 4581
R 90 0 4582
L 48 52 4583
L 50 2 4583
R 798 0 4591
R 42 42 4591
R 346 88 4594
L 42 46 4594
R 34 80 4594
L 72 8 4594
L 8 0 4594
L 98 2 4595
L 24 78 4596
R 92 70 4597
L 70 0 4597
R 48 48 4597
R 41 89 4597
L 51 38 4597
R 62 0 4598
L 80 20 4599
L 685 35 4606
R 78 13 4607
R 35 48 4607
L 830 18 4615
L 218 0 4617
R 23 23 4617
L 991 32 4627
R 98 30 4628
L 130 0 4629
L 76 24 4630
L 81 43 4631
L 30 13 4631
R 87 0 4632
R 426 26 4636
R 874 0 4645
L 15 85 4646
L 85 0 4646
R 3 3 4646
L 236 67 4649
R 33 0 4650
L 69 31 4651
L 41 90 4652
L 17 73 4652
L 73 0 4652
L 336 64 4656
L 64 0 4656
R 16 16 4656
L 704 12 4663
L 312 0 4666
R 41 41 4666
L 24 17 4666
R 89 6 4667
R 89 95 4667
R 86 81 4668
R 62 43 4669
L 143 0 4670
L 8 92 4671
L 99 93 4672
R 715 8 4680
R 33 41 4680
R 59 0 4681
R 934 34 4690
L 35 99 4691
R 32 31 4692
R 69 0 4693
R 69 69 4693
R 62 31 4694
R 45 76 4694
L 76 0 4694
R 121 21 4695
L 27 94 4696
L 48 46 4696
L 22 24 4696
R 359 83 4699
R 17 0 4700
R 67 67 4700
R 52 19 4701
L 41 78 4702
R 91 69 4703
R 24 93 4703
R 96 89 4704
L 9 80 4704
R 79 59 4705
R 41 0 4706
R 36 36 4706
R 808 44 4714
R 261 5 4717
R 93 98 4717
R 74 72 4718
R 928 0 4728
R 46 46 4728
R 184 30 4730
L 88 42 4731
R 69 11 4732
R 889 0 4741
R 78 78 4741
R 11 89 4741
L 256 33 4743
L 44 89 4744
L 74 15 4744
L 15 0 4744
L 40 60 4745
R 840 0 4754
R 33 33 4754
R 67 0 4755
R 84 84 4755
L 48 36 4755
L 39 97 4756
R 484 81 4761
R 198 79 4763
R 21 0 4764
R 66 66 4764
R 61 27 4765
L 81 46 4766
L 42 4 4766
R 890 94 4774
R 406 0 4779
R 12 12 4779
R 89 1 4780
L 601 0 4786
L 29 71 4787
L 92 79 4788
R 401 80 4792
R 97 77 4793
L 38 39 4793
R 18 57 4793
R 81 38 4794
R 984 22 4804
L 47 75 4805
R 98 73 4806
R 4 77 4806
L 66 11 4806
R 89 0 4807
R 46 46 4807
L 46 0 4807
L 30 70 4808
L 84 86 4809
L 86 0 4809
R 67 67 4809
L 81 86 4810
L 86 0 4810
L 78 22 4811
R 78 0 4812
L 61 39 4813
L 30 9 4813
R 72 81 4813
R 22 3 4814
R 70 73 4814
R 27 0 4815
R 29 29 4815
R 271 0 4818
R 68 68 4818
L 68 0 4818
R 20 20 4818
R 80 0 4819
R 90 90 4819
R 5 95 4819
R 5 0 4820
R 36 36 4820
R 75 11 4821
R 10 21 4821
L 28 93 4822
R 99 92 4823
R 41 33 4824
L 33 0 4824
L 66 34 4825
L 334 0 4828
R 39 39 4828
L 39 0 4828
L 37 63 4829
L 13 50 4829
R 87 37 4830
R 963 0 4840
R 99 99 4840
L 10 89 4840
R 3 92 4840
R 8 0 4841
L 34 66 4842
L 66 0 4842
R 80 80 4842
L 93 87 4843
R 11 98 4843
L 98 0 4843
L 83 17 4844
L 19 98 4845
L 98 0 4845
R 61 61 4845
R 143 4 4847
R 79 83 4847
L 35 48 4847
R 952 0 4857
R 16 16 4857
R 84 0 4858
R 145 45 4859
L 66 79 4860
R 21 0 4861
L 874 26 4870
L 26 0 4870
R 39 39 4870
L 48 91 4871
L 46 45 4871
R 55 0 4872
L 10 90 4873
R 79 69 4874
R 31 0 4875
L 52 48 4876
L 348 0 4879
R 9 9 4879
L 916 93 4889
L 93 0 4889
R 51 51 4889
L 16 35 4889
R 65 0 4890
R 12 12 4890
L 16 96 4891
R 60 56 4892
R 44 0 4893
R 38 38 4893
R 96 34 4894
R 66 0 4895
R 3 3 4895
L 60 43 4896
R 78 21 4897
L 21 0 4897
R 32 32 4897
R 37 69 4897
L 72 97 4898
L 80 17 4898
R 1 18 4898
L 61 57 4899
L 414 43 4903
L 53 90 4904
R 879 69 4913
R 48 17 4914
L 60 57 4915
R 98 55 4916
R 45 0 4917
L 52 48 4918
L 60 88 4919
L 97 91 4920
L 39 52 4920
R 84 36 4921
L 45 91 4922
R 9 0 4923
L 6 94 4924
R 78 72 4925
L 32 40 4925
L 86 54 4926
R 71 25 4927
L 66 59 4928
L 69 90 4929
R 710 0 4937
L 49 51 4938
L 23 28 4938
L 54 74 4939
L 74 0 4939
L 36 64 4940
L 90 74 4941
L 174 0 4942
L 35 65 4943
L 34 31 4943
R 37 68 4943
R 48 16 4944
R 84 0 4945
L 46 54 4946
L 14 40 4946
L 27 13 4946
R 63 76 4946
R 738 14 4954
L 14 0 4954
L 968 32 4964
R 99 31 4965
L 60 71 4966
L 71 0 4966
L 93 7 4967
L 193 14 4969
L 14 0 4969
R 77 77 4969
L 703 74 4976
R 42 16 4977
R 84 0 4978
R 19 19 4978
L 83 36 4979
L 54 82 4980
L 298 84 4983
L 98 86 4984
R 46 32 4985
R 26 58 4985
R 42 0 4986
L 60 40 4987
L 56 84 4988
L 984 0 4997
L 24 76 4998
L 26 50 4998
L 50 0 4998
L 894 6 5007
L 6 0 5007
L 51 49 5008
L 49 0 5008
L 55 45 5009
L 45 0 5009
R 499 99 5013
R 40 39 5014
R 61 0 5015
R 43 43 5015
L 43 0 5015
R 788 88 5022
R 20 8 5023
R 72 80 5023
R 22 2 5024
R 91 93 5024
L 93 0 5024
L 70 30 5025
R 70 0 5026
L 83 17 5027
R 99 16 5028
L 16 0 5028
L 95 5 5029
L 34 71 5030
L 49 22 5030
L 739 83 5038
L 83 0 5038
R 420 20 5042
L 98 22 5043
R 813 35 5051
R 59 94 5051
L 95 99 5052
R 1 0 5053
R 503 3 5058
L 73 30 5059
R 28 58 5059
R 42 0 5060
L 19 81 5061
L 81 0 5061
R 36 36 5061
L 15 21 5061
R 50 71 5061
R 29 0 5062
R 87 87 5062
L 9 78 5062
L 51 27 5062
L 52 75 5063
R 14 89 5063
L 61 28 5063
L 1 27 5063
R 163 90 5064
L 62 28 5064
R 95 23 5065
R 77 0 5066
L 544 56 5072
R 44 0 5073
R 86 86 5073
L 397 89 5077
L 89 0 5077
L 624 76 5084
L 35 41 5084
L 459 82 5089
L 82 0 5089
L 81 19 5090
L 19 0 5090
L 43 57 5091
L 99 58 5092
L 58 0 5092
R 22 22 5092
R 21 43 5092
L 441 2 5096
R 98 0 5097
L 489 11 5102
R 89 0 5103
R 69 69 5103
R 52 21 5104
R 79 0 5105
L 82 18 5106
R 74 92 5106
L 69 23 5106
L 23 0 5106
R 85 85 5106
L 385 0 5109
R 26 26 5109
L 516 10 5114
R 90 0 5115
L 33 67 5116
R 81 48 5117
R 6 54 5117
R 13 67 5117
R 33 0 5118
R 28 28 5118
L 56 72 5119
R 27 99 5119
R 20 19 5120
L 39 80 5121
R 20 0 5122
R 54 54 5122
L 54 0 5122
L 57 43 5123
L 43 0 5123
R 40 40 5123
L 40 0 5123
L 79 21 5124
L 60 61 5125
L 61 0 5125
R 721 21 5132
R 87 8 5133
L 408 0 5137
R 21 21 5137
R 79 0 5138
L 79 21 5139
R 281 2 5142
L 40 62 5143
L 69 93 5144
L 10 83 5144
L 30 53 5144
R 503 56 5149
L 56 0 5149
L 54 46 5150
R 45 91 5150
L 91 0 5150
R 94 94 5150
R 93 87 5151
R 41 28 5152
R 42 70 5152
L 7 63 5152
R 645 8 5159
L 243 65 5162
L 404 61 5166
R 11 72 5166
L 67 5 5166
R 395 0 5170
R 43 43 5170
L 4 39 5170
R 61 0 5171
R 588 88 5176
R 8 96 5176
L 96 0 5176
R 970 70 5185
R 130 0 5187
L 932 68 5197
R 25 93 5197
R 9 2 5198
L 10 92 5199
L 992 0 5208
L 68 32 5209
L 54 78 5210
L 56 22 5210
L 322 0 5213
L 48 52 5214
L 52 0 5214
L 11 89 5215
L 26 63 5215
R 52 15 5216
R 85 0 5217
R 940 40 5226
L 36 4 5226
R 96 0 5227
L 37 63 5228
L 63 0 5228
R 90 90 5228
L 27 63 5228
L 24 39 5228
R 46 85 5228
L 30 55 5228
R 745 0 5236
L 432 68 5241
L 56 12 5241
L 55 57 5242
R 43 0 5243
L 88 12 5244
R 64 76 5244
L 510 66 5249
R 79 45 5250
R 58 3 5251
R 59 62 5251
L 11 51 5251
L 62 89 5252
R 63 52 5253
L 52 0 5253
R 46 46 5253
R 23 69 5253
R 39 8 5254
L 8 0 5254
L 67 33 5255
R 19 52 5255
L 87 65 5256
R 68 33 5257
L 12 21 5257
L 82 39 5258
R 63 2 5259
L 2 0 5259
R 27 27 5259
L 827 0 5267
R 7 7 5267
L 775 32 5275
L 32 0 5275
L 70 30 5276
R 70 0 5277
L 48 52 5278
L 129 23 5279
R 54 77 5279
L 77 0 5279
R 34 34 5279
L 34 0 5279
L 69 31 5280
R 568 99 5285
L 8 91 5285
R 38 29 5286
R 1 30 5286
L 30 0 5286
R 732 32 5293
L 14 18 5293
L 630 88 5300
R 12 0 5301
L 92 8 5302
L 8 0 5302
R 58 58 5302
R 92 50 5303
R 50 0 5304
L 36 64 5305
L 25 39 5305
L 39 0 5305
R 524 24 5310
L 24 0 5310
R 323 23 5313
L 87 36 5314
R 634 70 5320
R 93 63 5321
R 33 96 5321
R 89 85 5322
L 26 59 5322
L 59 0 5322
L 60 40 5323
R 60 0 5324
R 13 13 5324
R 64 77 5324
R 52 29 5325
R 59 88 5325
R 412 0 5330
R 103 3 5331
R 67 70 5331
R 10 80 5331
L 9 71 5331
R 544 15 5337
R 20 35 5337
L 35 0 5337
R 715 15 5344
L 21 94 5345
R 6 0 5346
L 54 46 5347
R 54 0 5348
L 28 72 5349
R 83 55 5350
L 55 0 5350
L 29 71 5351
L 902 69 5360
L 71 98 5361
L 73 25 5361
L 23 2 5361
L 82 20 5362
R 232 52 5364
R 30 82 5364
R 52 34 5365
R 66 0 5366
R 64 64 5366
L 79 85 5367
R 15 0 5368
R 1 1 5368
L 79 22 5369
R 512 34 5374
R 90 24 5375
L 24 0 5375
R 20 20 5375
L 20 0 5375
R 34 34 5375
L 34 0 5375
L 462 38 5380
R 74 12 5381
L 13 99 5382
R 64 63 5383
L 652 11 5389
R 59 70 5389
L 70 0 5389
L 22 78 5390
L 5 73 5390
L 773 0 5397
R 5 5 5397
R 842 47 5405
L 647 0 5411
R 69 69 5411
R 31 0 5412
R 33 33 5412
L 62 71 5413
R 49 20 5414
L 20 0 5414
R 45 45 5414
L 43 2 5414
R 378 80 5417
L 74 6 5417
R 79 85 5417
L 94 91 5418
L 91 0 5418
L 80 20 5419
R 3 23 5419
R 67 90 5419
R 87 77 5420
R 35 12 5421
R 99 11 5422
L 11 0 5422
L 992 8 5432
L 24 84 5433
R 105 89 5434
R 93 82 5435
L 475 7 5439
R 18 25 5439
R 39 64 5439
L 64 0 5439
R 89 89 5439
R 121 10 5441
R 19 29 5441
L 85 44 5442
L 16 28 5442
L 28 0 5442
L 10 90 5443
R 610 0 5450
R 80 80 5450
R 55 35 5451
R 73 8 5452
R 84 92 5452
R 1 93 5452
L 93 0 5452
L 64 36 5453
R 564 0 5459
L 783 17 5467
R 244 61 5469
R 13 74 5469
L 97 77 5470
R 28 5 5471
R 9 14 5471
L 14 0 5471
L 63 37 5472
R 89 26 5473
L 369 57 5477
L 26 31 5477
R 769 0 5485
L 584 16 5491
L 16 0 5491
R 69 69 5491
R 75 44 5492
L 44 0 5492
L 13 87 5493
R 378 65 5497
R 35 0 5498
R 134 34 5499
R 8 42 5499
R 58 0 5500
L 14 86 5501
L 25 61 5501
L 98 63 5502
L 151 12 5503
L 12 0 5503
R 52 52 5503
L 973 79 5513
L 464 15 5517
R 85 0 5518
L 259 41 5521
L 17 24 5521
L 24 0 5521
L 59 41 5522
R 69 10 5523
R 353 63 5526
R 37 0 5527
L 76 24 5528
R 76 0 5529
L 525 75 5535
R 10 85 5535
L 48 37 5535
L 9 28 5535
R 72 0 5536
L 4 96 5537
L 1 95 5537
L 20 75 5537
L 492 83 5542
R 119 2 5544
L 30 72 5545
R 515 87 5550
R 39 26 5551
R 87 13 5552
R 87 0 5553
L 446 54 5558
R 36 90 5558
R 77 67 5559
R 33 0 5560
R 95 95 5560
L 64 31 5560
L 31 0 5560
L 13 87 5561
L 23 64 5561
R 7 71 5561
R 29 0 5562
R 89 89 5562
L 76 13 5562
L 13 0 5562
L 87 13 5563
R 94 7 5564
R 93 0 5565
L 77 23 5566
L 23 0 5566
R 37 37 5566
R 94 31 5567
R 32 63 5567
R 20 83 5567
R 44 27 5568
L 93 34 5569
R 66 0 5570
L 89 11 5571
R 5 16 5571
L 16 0 5571
L 49 51 5572
L 93 58 5573
L 65 93 5574
L 47 46 5574
L 46 0 5574
R 75 75 5574
R 25 0 5575
L 25 75 5576
L 31 44 5576
L 74 70 5577
L 514 56 5582
L 56 0 5582
R 885 85 5590
L 85 0 5590
L 94 6 5591
R 65 71 5591
R 29 0 5592
L 92 8 5593
R 9 17 5593
L 194 23 5595
L 67 56 5596
R 44 0 5597
R 22 22 5597
R 664 86 5603
R 14 0 5604
R 47 47 5604
R 53 0 5605
L 39 61 5606
L 26 35 5606
L 37 98 5607
R 2 0 5608
L 56 44 5609
L 244 0 5611
L 43 57 5612
L 420 37 5616
L 37 0 5616
L 90 10 5617
L 99 11 5618
L 11 0 5618
R 37 37 5618
L 70 67 5619
R 33 0 5620
L 53 47 5621
R 53 0 5622
L 95 5 5623
R 97 2 5624
R 98 0 5625
R 16 16 5625
R 89 5 5626
L 36 69 5627
L 69 0 5627
L 54 46 5628
R 40 86 5628
R 14 0 5629
R 34 34 5629
R 56 90 5629
L 44 46 5629
L 18 28 5629
R 38 66 5629
L 66 0 5629
R 35 35 5629
R 65 0 5630
L 77 23 5631
R 77 0 5632
L 20 80 5633
R 34 14 5634
R 86 0 5635
R 12 12 5635
R 58 70 5635
R 50 20 5636
L 58 62 5637
R 91 53 5638
R 47 0 5639
R 94 94 5639
L 1 93 5639
L 93 0 5639
R 66 66 5639
R 99 65 5640
L 79 86 5641
R 15 1 5642
L 41 60 5643
L 60 0 5643
L 32 68 5644
R 32 0 5645
R 63 63 5645
L 33 30 5645
L 70 60 5646
R 81 41 5647
R 39 80 5647
L 3 77 5647
R 38 15 5648
L 7 8 5648
L 14 94 5649
L 46 48 5649
R 24 72 5649
R 11 83 5649
R 9 92 5649
R 48 40 5650
L 35 5 5650
L 15 90 5651
R 3 93 5651
L 20 73 5651
L 6 67 5651
R 41 8 5652
L 38 70 5653
L 40 30 5653
R 35 65 5653
L 39 26 5653
L 49 77 5654
R 48 25 5655
R 4 29 5655
R 4 33 5655
L 4 29 5655
L 49 80 5656
L 47 33 5656
L 32 1 5656
R 29 30 5656
L 30 0 5656
L 48 52 5657
L 33 19 5657
R 19 38 5657
L 25 13 5657
L 32 81 5658
L 49 32 5658
R 32 64 5658
R 15 79 5658
R 25 4 5659
R 23 27 5659
R 2 29 5659
R 30 59 5659
R 9 68 5659
L 38 30 5659
R 27 57 5659
R 6 63 5659
R 17 80 5659
L 19 61 5659
R 42 3 5660
R 48 51 5660
R 39 90 5660
5660
